Block Times
1 7
2 5
3 2
4 4
5 7
6 22
7 9
8 9
9 16
10 24
11 13
12 56
13 17
14 41
15 1
16 2
17 10
18 4
19 27
20 13
21 2
22 9
23 6
24 42
25 28
26 5
27 3
28 7
29 26
30 1
31 22
32 9
33 27
34 6
35 34
36 11
37 3
38 19
39 1
40 4
41 7
42 4
43 19
44 1
45 7
46 2
47 3
48 2
49 19
50 17
51 24
52 3
53 20
54 26
55 1
56 5
57 21
58 31
59 21
60 5
61 4
62 13
63 6
64 12
65 34
66 4
67 11
68 18
69 6
70 32
71 15
72 53
73 13
74 3
75 12
76 4
77 11
78 15
79 14
80 6
81 55
82 32
83 10
84 4
85 7
86 72
87 1
88 16
89 2
90 16
91 7
92 14
93 6
94 19
95 2
96 3
97 14
98 7
99 15
100 19
101 7
102 2
103 34
104 33
105 38
106 5
107 21
108 35
109 15
110 17
111 11
112 15
113 18
114 4
115 9
116 22
117 29
118 7
119 78
120 1
121 2
122 5
123 22
124 16
125 11
126 10
127 13
128 10
129 8
130 30
131 2
132 2
133 2
134 3
135 27
136 10
137 20
138 35
139 5
140 58
141 5
142 17
143 6
144 7
145 0
146 2
147 5
148 3
149 2
150 3
151 6
152 14
153 1
154 9
155 6
156 21
157 17
158 9
159 4
160 16
161 2
162 8
163 9
164 9
165 3
166 1
167 7
168 20
169 3
170 7
171 16
172 35
173 1
174 22
175 3
176 25
177 21
178 15
179 3
180 5
181 30
182 10
183 16
184 5
185 72
186 5
187 41
188 15
189 8
190 15
191 12
192 39
193 7
194 11
195 6
196 29
197 5
198 6
199 1
200 94
201 0
202 8
203 20
204 7
205 5
206 9
207 11
208 48
209 23
210 5
211 3
212 13
213 4
214 2
215 13
216 18
217 16
218 6
219 26
220 23
221 7
222 16
223 15
224 21
225 2
226 19
227 3
228 32
229 9
230 11
231 32
232 55
233 63
234 3
235 9
236 33
237 23
238 51
239 13
240 10
241 20
242 15
243 46
244 7
245 15
246 22
247 5
248 7
249 3
250 11
251 1
252 2
253 25
254 1
255 6
256 24
257 6
258 9
259 12
260 11
261 13
262 6
263 10
264 4
265 15
266 6
267 6
268 3
269 4
270 97
271 4
272 36
273 9
274 43
275 23
276 3
277 3
278 2
279 5
280 3
281 3
282 12
283 12
284 5
285 12
286 6
287 8
288 6
289 26
290 3
291 8
292 54
293 0
294 3
295 18
296 42
297 18
298 1
299 17
300 27
301 51
302 5
303 46
304 9
305 42
306 47
307 14
308 1
309 16
310 4
311 5
312 3
313 3
314 13
315 39
316 4
317 4
318 20
319 23
320 37
321 51
322 12
323 12
324 5
325 9
326 8
327 18
328 8
329 8
330 7
331 31
332 4
333 13
334 13
335 19
336 7
337 5
338 11
339 12
340 15
341 8
342 5
343 41
344 16
345 29
346 22
347 19
348 7
349 21
350 39
351 2
352 24
353 33
354 10
355 18
356 7
357 11
358 9
359 12
360 34
361 3
362 33
363 9
364 5
365 8
366 6
367 27
368 9
369 2
370 16
371 11
372 24
373 8
374 3
375 7
376 18
377 19
378 52
379 6
380 20
381 19
382 7
383 8
384 16
385 1
386 17
387 19
388 6
389 7
390 16
391 20
392 2
393 22
394 3
395 1
396 3
397 17
398 6
399 2
400 9
401 33
402 10
403 34
404 17
405 3
406 14
407 59
408 8
409 34
410 1
411 16
412 17
413 12
414 29
415 29
416 32
417 15
418 17
419 1
420 27
421 3
422 8
423 9
424 10
425 18
426 1
427 15
428 1
429 8
430 8
431 21
432 36
433 21
434 19
435 12
436 10
437 43
438 22
439 4
440 4
441 2
442 1
443 21
444 19
445 7
446 22
447 13
448 8
449 9
450 12
451 16
452 41
453 102
454 3
455 8
456 4
457 5
458 3
459 14
460 13
461 37
462 25
463 15
464 7
465 2
466 28
467 16
468 4
469 22
470 5
471 27
472 14
473 6
474 2
475 11
476 3
477 61
478 18
479 13
480 14
481 49
482 4
483 2
484 20
485 7
486 4
487 2
488 12
489 11
490 1
491 18
492 2
493 9
494 45
495 9
496 36
497 18
498 14
499 6
500 9
501 21
502 3
503 7
504 28
505 3
506 5
507 23
508 2
509 37
510 4
511 3
512 18
513 19
514 8
515 6
516 3
517 16
518 34
519 6
520 45
521 4
522 40
523 12
524 30
525 23
526 31
527 12
528 1
529 11
530 30
531 33
532 6
533 73
534 41
535 2
536 38
537 12
538 24
539 5
540 2
541 51
542 23
543 5
544 29
545 40
546 12
547 7
548 35
549 9
550 4
551 40
552 24
553 34
554 10
555 28
556 18
557 21
558 12
559 31
560 23
561 138
562 28
563 32
564 6
565 34
566 52
567 3
568 76
569 2
570 154
571 34
572 16
573 21
574 41
575 83
576 74
577 1
578 21
579 55
580 9
581 14
582 17
583 25
584 9
585 57
586 10
587 59
588 9
589 25
590 39
591 4
592 28
593 35
594 12
595 58
596 6
597 3
598 9
599 18
600 40
601 28
602 35
603 1
604 18
605 17
606 15
607 46
608 19
609 15
610 19
611 3
612 3
613 2
614 2
615 15
616 46
617 36
618 4
619 8
620 6
621 1
622 17
623 26
624 2
625 129
626 9
627 24
628 33
629 24
630 16
631 22
632 49
633 26
634 5
635 3
636 25
637 17
638 44
639 8
640 9
641 33
642 21
643 60
644 9
645 40
646 25
647 16
648 37
649 5
650 30
651 14
652 28
653 3
654 7
655 29
656 18
657 27
658 30
659 31
660 2
661 10
662 10
663 1
664 40
665 5
666 37
667 44
668 38
669 38
670 54
671 30
672 26
673 61
674 10
675 25
676 25
677 31
678 26
679 1
680 86
681 17
682 52
683 6
684 23
685 3
686 2
687 14
688 3
689 15
690 12
691 14
692 8
693 25
694 49
695 2
696 79
697 12
698 16
699 4
700 33
701 85
702 6
703 17
704 71
705 14
706 5
707 20
708 21
709 176
710 54
711 27
712 14
713 7
714 5
715 51
716 14
717 22
718 14
719 23
720 22
721 20
722 76
723 108
724 9
725 83
726 91
727 3
728 103
729 180
730 12
731 35
732 51
733 8
734 62
735 14
736 40
737 47
738 23
739 2
740 3
741 5
742 6
743 12
744 95
745 9
746 5
747 19
748 74
749 34
750 71
751 36
752 45
753 128
754 15
755 71
756 26
757 5
758 5
759 25
760 17
761 9
762 4
763 14
764 10
765 207
766 19
767 60
768 31
769 96
770 48
771 43
772 86
773 19
774 15
775 37
776 31
777 16
778 6
779 18
780 34
781 5
782 122
783 52
784 129
785 66
786 18
787 29
788 28
789 8
790 18
791 4
792 22
793 39
794 107
795 132
796 175
797 52
798 9
799 45
800 23
801 14
802 27
803 23
804 51
805 99
806 132
807 69
808 39
809 42
810 20
811 13
812 42
813 11
814 44
815 9
816 16
817 18
818 22
819 121
820 2
821 9
822 1
823 10
824 23
825 50
826 99
827 45
828 109
829 61
830 7
831 18
832 8
833 22
834 27
835 25
836 58
837 28
838 37
839 3
840 16
841 7
842 13
843 82
844 30
845 11
846 8
847 11
848 27
849 26
850 0
851 19
852 32
853 4
854 23
855 30
856 4
857 127
858 21
859 19
860 140
861 90
862 7
863 46
864 13
865 119
866 16
867 81
868 21
869 9
870 14
871 16
872 16
873 43
874 5
875 55
876 2
877 4
878 32
879 8
880 22
881 5
882 66
883 22
884 24
885 31
886 6
887 80
888 63
889 58
890 1
891 24
892 51
893 17
894 88
895 18
896 3
897 4
898 15
899 23
900 45
901 53
902 7
903 107
904 26
905 16
906 8
907 54
908 71
909 10
910 56
911 29
912 42
913 34
914 9
915 7
916 4
917 4
918 8
919 3
920 28
921 31
922 73
923 73
924 20
925 79
926 2
927 26
928 16
929 3
930 7
931 4
932 37
933 82
934 12
935 45
936 19
937 28
938 2
939 53
940 1
941 18
942 7
943 52
944 42
945 14
946 19
947 20
948 24
949 30
950 54
951 62
952 37
953 38
954 18
955 24
956 3
957 120
958 19
959 21
960 28
961 11
962 45
963 12
964 17
965 16
966 9
967 32
968 34
969 76
970 6
971 26
972 28
973 32
974 11
975 31
976 97
977 20
978 37
979 17
980 24
981 25
982 10
983 80
984 9
985 11
986 4
987 20
988 12
989 5
990 52
991 2
992 3
993 17
994 64
995 16
996 32
997 12
998 36
999 29
1000 22
1001 75
1002 69
1003 29
1004 8
1005 8
1006 48
1007 30
1008 1
1009 61
1010 45
1011 19
1012 23
1013 66
1014 5
1015 43
1016 8
1017 1
1018 3
1019 21
1020 9
1021 25
1022 6
1023 10
1024 18
1025 81
1026 131
1027 14
1028 1
1029 12
1030 44
1031 12
1032 24
1033 22
1034 57
1035 17
1036 41
1037 26
1038 5
1039 13
1040 109
1041 8
1042 24
1043 8
1044 76
1045 13
1046 9
1047 10
1048 38
1049 6
1050 54
1051 20
1052 93
1053 4
1054 33
1055 38
1056 23
1057 29
1058 15
1059 93
1060 33
1061 16
1062 19
1063 43
1064 11
1065 2
1066 32
1067 53
1068 32
1069 31
1070 10
1071 17
1072 1
1073 6
1074 48
1075 84
1076 20
1077 10
1078 36
1079 26
1080 82
1081 20
1082 6
1083 5
1084 2
1085 13
1086 33
1087 49
1088 22
1089 6
1090 6
1091 34
1092 18
1093 31
1094 5
1095 44
1096 13
1097 27
1098 11
1099 64
1100 11
1101 23
1102 2
1103 10
1104 52
1105 32
1106 37
1107 84
1108 136
1109 10
1110 4
1111 11
1112 34
1113 43
1114 14
1115 34
1116 15
1117 24
1118 6
1119 17
1120 38
1121 9
1122 4
1123 35
1124 4
1125 42
1126 41
1127 9
1128 18
1129 17
1130 6
1131 58
1132 2
1133 6
1134 22
1135 3
1136 85
1137 22
1138 2
1139 1
1140 26
1141 3
1142 12
1143 39
1144 21
1145 42
1146 5
1147 8
1148 11
1149 14
1150 52
1151 10
1152 6
1153 18
1154 13
1155 49
1156 1
1157 4
1158 46
1159 24
1160 27
1161 68
1162 45
1163 11
1164 13
1165 52
1166 50
1167 76
1168 17
1169 12
1170 38
1171 25
1172 48
1173 31
1174 4
1175 8
1176 63
1177 28
1178 14
1179 3
1180 37
1181 69
1182 32
1183 8
1184 33
1185 26
1186 17
1187 40
1188 51
1189 14
1190 63
1191 4
1192 11
1193 25
1194 7
1195 17
1196 15
1197 46
1198 15
1199 28
1200 67
1201 11
1202 33
1203 10
1204 18
1205 13
1206 3
1207 54
1208 24
1209 4
1210 25
1211 26
1212 59
1213 15
1214 16
1215 13
1216 6
1217 68
1218 110
1219 52
1220 4
1221 30
1222 5
1223 9
1224 100
1225 68
1226 14
1227 75
1228 59
1229 12
1230 3
1231 54
1232 85
1233 14
1234 9
1235 62
1236 14
1237 30
1238 42
1239 6
1240 4
1241 51
1242 10
1243 6
1244 118
1245 4
1246 38
1247 16
1248 11
1249 17
1250 29
1251 40
1252 70
1253 5
1254 19
1255 5
1256 56
1257 14
1258 5
1259 68
1260 16
1261 24
1262 8
1263 15
1264 95
1265 16
1266 2
1267 9
1268 5
1269 4
1270 38
1271 58
1272 19
1273 15
1274 0
1275 15
1276 66
1277 25
1278 18
1279 23
1280 6
1281 8
1282 28
1283 23
1284 69
1285 85
1286 4
1287 8
1288 53
1289 5
1290 11
1291 5
1292 22
1293 2
1294 11
1295 51
1296 7
1297 11
1298 22
1299 11
1300 21
1301 84
1302 2
1303 16
1304 13
1305 8
1306 32
1307 2
1308 19
1309 21
1310 32
1311 27
1312 1
1313 13
1314 50
1315 4
1316 33
1317 40
1318 8
1319 14
1320 6
1321 84
1322 111
1323 1
1324 24
1325 36
1326 16
1327 20
1328 8
1329 36
1330 66
1331 8
1332 48
1333 66
1334 29
1335 46
1336 11
1337 14
1338 5
1339 25
1340 5
1341 87
1342 7
1343 48
1344 44
1345 4
1346 8
1347 50
1348 35
1349 30
1350 86
1351 8
1352 7
1353 19
1354 71
1355 32
1356 11
1357 34
1358 40
1359 31
1360 34
1361 14
1362 5
1363 10
1364 28
1365 4
1366 2
1367 7
1368 93
1369 11
1370 5
1371 3
1372 27
1373 69
1374 12
1375 4
1376 19
1377 13
1378 10
1379 19
1380 6
1381 52
1382 20
1383 11
1384 1
1385 41
1386 1
1387 22
1388 154
1389 34
1390 40
1391 1
1392 17
1393 33
1394 9
1395 7
1396 5
1397 12
1398 15
1399 38
1400 36
1401 35
1402 11
1403 48
1404 8
1405 179
1406 12
1407 66
1408 26
1409 18
1410 72
1411 17
1412 3
1413 21
1414 23
1415 55
1416 29
1417 35
1418 32
1419 39
1420 120
1421 18
1422 40
1423 4
1424 1
1425 12
1426 3
1427 10
1428 7
1429 48
1430 24
1431 10
1432 11
1433 1
1434 28
1435 62
1436 4
1437 4
1438 26
1439 27
1440 30
1441 7
1442 21
1443 14
1444 153
1445 4
1446 17
1447 32
1448 2
1449 9
1450 32
1451 3
1452 83
1453 5
1454 19
1455 27
1456 1
1457 19
1458 52
1459 3
1460 16
1461 63
1462 7
1463 38
1464 98
1465 6
1466 27
1467 38
1468 20
1469 14
1470 1
1471 3
1472 2
1473 6
1474 1
1475 1
1476 4
1477 5
1478 48
1479 115
1480 28
1481 14
1482 7
1483 22
1484 15
1485 12
1486 2
1487 175
1488 82
1489 3
1490 34
1491 21
1492 11
1493 98
1494 2
1495 10
1496 3
1497 57
1498 27
1499 11
1500 48
1501 44
1502 33
1503 35
1504 87
1505 17
1506 15
1507 31
1508 9
1509 18
1510 8
1511 37
1512 63
1513 26
1514 39
1515 28
1516 96
1517 35
1518 50
1519 139
1520 13
1521 16
1522 11
1523 30
1524 23
1525 17
1526 10
1527 16
1528 55
1529 11
1530 5
1531 14
1532 50
1533 47
1534 8
1535 3
1536 3
1537 13
1538 62
1539 13
1540 16
1541 6
1542 9
1543 9
1544 30
1545 6
1546 10
1547 6
1548 31
1549 12
1550 27
1551 13
1552 2
1553 4
1554 17
1555 1
1556 31
1557 57
1558 3
1559 14
1560 41
1561 114
1562 59
1563 14
1564 13
1565 3
1566 62
1567 2
1568 15
1569 16
1570 48
1571 51
1572 60
1573 20
1574 26
1575 52
1576 7
1577 29
1578 35
1579 108
1580 16
1581 17
1582 56
1583 5
1584 14
1585 17
1586 55
1587 5
1588 41
1589 6
1590 27
1591 31
1592 50
1593 35
1594 45
1595 2
1596 12
1597 89
1598 12
1599 90
1600 27
1601 10
1602 40
1603 14
1604 68
1605 58
1606 78
1607 66
1608 51
1609 8
1610 21
1611 78
1612 45
1613 28
1614 11
1615 20
1616 23
1617 2
1618 22
1619 30
1620 36
1621 23
1622 10
1623 166
1624 1
1625 46
1626 3
1627 3
1628 10
1629 46
1630 35
1631 11
1632 8
1633 59
1634 76
1635 17
1636 61
1637 14
1638 68
1639 2
1640 10
1641 61
1642 23
1643 12
1644 4
1645 46
1646 7
1647 55
1648 6
1649 48
1650 42
1651 4
1652 7
1653 30
1654 5
1655 31
1656 9
1657 100
1658 39
1659 10
1660 6
1661 26
1662 8
1663 11
1664 20
1665 27
1666 25
1667 52
1668 18
1669 8
1670 29
1671 10
1672 66
1673 1
1674 24
1675 70
1676 14
1677 42
1678 54
1679 4
1680 16
1681 34
1682 11
1683 22
1684 3
1685 28
1686 27
1687 0
1688 25
1689 11
1690 55
1691 22
1692 5
1693 37
1694 3
1695 16
1696 22
1697 7
1698 14
1699 22
1700 40
1701 13
1702 26
1703 13
1704 10
1705 16
1706 12
1707 22
1708 18
1709 15
1710 5
1711 47
1712 3
1713 21
1714 29
1715 15
1716 32
1717 38
1718 8
1719 22
1720 10
1721 42
1722 39
1723 63
1724 20
1725 23
1726 11
1727 37
1728 20
1729 4
1730 12
1731 6
1732 91
1733 9
1734 10
1735 6
1736 35
1737 71
1738 17
1739 4
1740 63
1741 26
1742 5
1743 38
1744 3
1745 6
1746 21
1747 4
1748 33
1749 21
1750 9
1751 5
1752 44
1753 11
1754 37
1755 87
1756 13
1757 130
1758 20
1759 39
1760 54
1761 12
1762 14
1763 33
1764 40
1765 1
1766 12
1767 26
1768 62
1769 2
1770 9
1771 21
1772 64
1773 8
1774 3
1775 15
1776 34
1777 28
1778 10
1779 27
1780 60
1781 91
1782 3
1783 3
1784 18
1785 7
1786 42
1787 1
1788 20
1789 55
1790 16
1791 250
1792 8
1793 9
1794 7
1795 18
1796 39
1797 63
1798 92
1799 9
1800 26
1801 42
1802 3
1803 17
1804 13
1805 17
1806 10
1807 1
1808 11
1809 44
1810 19
1811 10
1812 35
1813 33
1814 50
1815 17
1816 4
1817 33
1818 40
1819 12
1820 39
1821 10
1822 26
1823 9
1824 80
1825 17
1826 45
1827 140
1828 1
1829 8
1830 13
1831 9
1832 17
1833 8
1834 51
1835 22
1836 17
1837 19
1838 31
1839 6
1840 118
1841 7
1842 16
1843 27
1844 10
1845 41
1846 12
1847 15
1848 17
1849 16
1850 19
1851 23
1852 3
1853 42
1854 15
1855 18
1856 5
1857 50
1858 78
1859 3
1860 4
1861 52
1862 3
1863 168
1864 3
1865 53
1866 48
1867 7
1868 1
1869 12
1870 46
1871 33
1872 23
1873 82
1874 15
1875 12
1876 36
1877 5
1878 18
1879 24
1880 27
1881 67
1882 6
1883 2
1884 15
1885 41
1886 6
1887 41
1888 26
1889 24
1890 22
1891 2
1892 47
1893 3
1894 10
1895 17
1896 4
1897 2
1898 97
1899 30
1900 48
1901 2
1902 35
1903 10
1904 21
1905 56
1906 16
1907 7
1908 29
1909 3
1910 8
1911 17
1912 6
1913 5
1914 16
1915 5
1916 38
1917 22
1918 15
1919 16
1920 144
1921 32
1922 9
1923 6
1924 21
1925 26
1926 100
1927 7
1928 10
1929 17
1930 6
1931 35
1932 9
1933 67
1934 32
1935 11
1936 35
1937 9
1938 36
1939 29
1940 31
1941 14
1942 19
1943 39
1944 29
1945 2
1946 24
1947 28
1948 55
1949 13
1950 110
1951 67
1952 46
1953 169
1954 16
1955 9
1956 49
1957 24
1958 30
1959 16
1960 4
1961 4
1962 58
1963 13
1964 8
1965 55
1966 39
1967 24
1968 5
1969 55
1970 36
1971 22
1972 157
1973 68
1974 101
1975 11
1976 28
1977 78
1978 16
1979 173
1980 240
1981 92
1982 44
1983 39
1984 41
1985 24
1986 34
1987 22
1988 17
1989 73
1990 97
1991 69
1992 51
1993 6
1994 39
1995 69
1996 43
1997 77
1998 1
1999 117
2000 9
2001 90
2002 6
2003 1
2004 33
2005 23
2006 26
2007 126
2008 51
2009 55
2010 83
2011 71
2012 7
2013 142
2014 30
2015 35
2016 185
2017 18
2018 21
2019 62
2020 69
2021 172
2022 75
2023 40
2024 90
2025 95
2026 21
2027 167
2028 54
2029 86
2030 9
2031 44
2032 25
2033 68
2034 37
2035 18
2036 157
2037 166
2038 88
2039 11
2040 25
2041 40
2042 81
2043 64
2044 14
2045 41
2046 54
2047 36
2048 77
2049 19
2050 35
2051 56
2052 33
2053 86
2054 10
2055 91
2056 77
2057 182
2058 126
2059 24
2060 42
2061 83
2062 115
2063 73
2064 81
2065 31
2066 140
2067 323
2068 6
2069 1
2070 25
2071 39
2072 9
2073 51
2074 51
2075 6
2076 87
2077 71
2078 5
2079 182
2080 151
2081 22
2082 69
2083 52
2084 115
2085 14
2086 37
2087 46
2088 64
2089 30
2090 1
2091 16
2092 22
2093 69
2094 3
2095 153
2096 33
2097 88
2098 153
2099 14
2100 10
2101 145
2102 90
2103 145
2104 63
2105 162
2106 7
2107 32
2108 59
2109 17
2110 143
2111 52
2112 38
2113 136
2114 69
2115 75
2116 57
2117 13
2118 83
2119 7
2120 51
2121 137
2122 7
2123 141
2124 78
2125 20
2126 86
2127 12
2128 22
2129 22
2130 31
2131 150
2132 1
2133 73
2134 81
2135 228
2136 7
2137 39
2138 37
2139 181
2140 28
2141 205
2142 25
2143 128
2144 66
2145 84
2146 34
2147 4
2148 147
2149 23
2150 118
2151 12
2152 181
2153 269
2154 27
2155 72
2156 47
2157 26
2158 22
2159 1
2160 19
2161 89
2162 2
2163 16
2164 33
2165 13
2166 141
2167 117
2168 99
2169 1
2170 11
2171 113
2172 12
2173 40
2174 104
2175 49
2176 12
2177 52
2178 114
2179 151
2180 22
2181 29
2182 18
2183 87
2184 56
2185 129
2186 43
2187 55
2188 42
2189 61
2190 119
2191 36
2192 63
2193 32
2194 4
2195 88
2196 86
2197 4
2198 18
2199 61
2200 12
2201 37
2202 48
2203 1
2204 44
2205 29
2206 128
2207 54
2208 11
2209 199
2210 20
2211 31
2212 66
2213 20
2214 59
2215 132
2216 32
2217 20
2218 22
2219 185
2220 90
2221 19
2222 5
2223 25
2224 78
2225 89
2226 7
2227 56
2228 66
2229 54
2230 49
2231 79
2232 20
2233 26
2234 41
2235 18
2236 145
2237 27
2238 75
2239 64
2240 27
2241 48
2242 12
2243 68
2244 52
2245 62
2246 94
2247 31
2248 7
2249 33
2250 99
2251 18
2252 65
2253 73
2254 157
2255 5
2256 1
2257 32
2258 21
2259 49
2260 77
2261 31
2262 36
2263 85
2264 55
2265 190
2266 303
2267 65
2268 2
2269 71
2270 124
2271 26
2272 7
2273 32
2274 151
2275 51
2276 80
2277 38
2278 17
2279 6
2280 149
2281 99
2282 25
2283 17
2284 168
2285 38
2286 51
2287 24
2288 96
2289 22
2290 17
2291 80
2292 33
2293 27
2294 1
2295 21
2296 58
2297 71
2298 13
2299 42
2300 13
2301 16
2302 63
2303 37
2304 67
2305 157
2306 14
2307 2
2308 40
2309 26
2310 21
2311 25
2312 77
2313 23
2314 66
2315 13
2316 9
2317 124
2318 88
2319 46
2320 161
2321 14
2322 46
2323 96
2324 38
2325 2
2326 60
2327 1
2328 164
2329 64
2330 5
2331 294
2332 94
2333 154
2334 16
2335 50
2336 27
2337 20
2338 74
2339 13
2340 32
2341 17
2342 65
2343 23
2344 2
2345 164
2346 3
2347 10
2348 18
2349 87
2350 39
2351 5
2352 14
2353 7
2354 59
2355 84
2356 3
2357 52
2358 37
2359 159
2360 55
2361 14
2362 27
2363 161
2364 246
2365 53
2366 36
2367 111
2368 90
2369 44
2370 182
2371 76
2372 60
2373 21
2374 25
2375 19
2376 25
2377 67
2378 24
2379 137
2380 59
2381 237
2382 42
2383 54
2384 44
2385 3
2386 37
2387 49
2388 48
2389 5
2390 27
2391 83
2392 12
2393 112
2394 48
2395 83
2396 48
2397 39
2398 16
2399 24
2400 111
2401 22
2402 21
2403 30
2404 22
2405 87
2406 17
2407 36
2408 15
2409 23
2410 47
2411 88
2412 10
2413 13
2414 115
2415 40
2416 156
2417 45
2418 31
2419 92
2420 79
2421 34
2422 183
2423 0
2424 52
2425 53
2426 26
2427 57
2428 9
2429 144
2430 5
2431 244
2432 53
2433 66
2434 65
2435 138
2436 53
2437 12
2438 57
2439 42
2440 44
2441 3
2442 16
2443 77
2444 70
2445 91
2446 117
2447 37
2448 64
2449 12
2450 76
2451 4
2452 163
2453 56
2454 78
2455 58
2456 38
2457 3
2458 91
2459 52
2460 42
2461 8
2462 95
2463 22
2464 63
2465 16
2466 28
2467 70
2468 2
2469 15
2470 7
2471 65
2472 57
2473 33
2474 27
2475 19
2476 113
2477 59
2478 28
2479 118
2480 53
2481 50
2482 70
2483 3
2484 84
2485 12
2486 11
2487 55
2488 12
2489 94
2490 110
2491 40
2492 175
2493 240
2494 81
2495 96
2496 65
2497 221
2498 63
2499 22
2500 8
2501 40
2502 47
2503 3
2504 45
2505 60
2506 46
2507 60
2508 263
2509 11
2510 109
2511 12
2512 48
2513 58
2514 40
2515 66
2516 34
2517 45
2518 33
2519 25
2520 13
2521 8
2522 77
2523 19
2524 36
2525 170
2526 49
2527 47
2528 136
2529 93
2530 62
2531 39
2532 58
2533 4
2534 57
2535 71
2536 22
2537 31
2538 27
2539 111
2540 3
2541 3
2542 37
2543 19
2544 13
2545 20
2546 323
2547 16
2548 24
2549 5
2550 147
2551 5
2552 22
2553 40
2554 4
2555 33
2556 118
2557 12
2558 34
2559 84
2560 42
2561 55
2562 25
2563 170
2564 90
2565 52
2566 56
2567 77
2568 20
2569 13
2570 2
2571 57
2572 25
2573 16
2574 18
2575 135
2576 75
2577 51
2578 16
2579 91
2580 126
2581 133
2582 112
2583 51
2584 34
2585 44
2586 18
2587 7
2588 5
2589 124
2590 41
2591 147
2592 38
2593 12
2594 91
2595 22
2596 7
2597 29
2598 47
2599 195
2600 30
2601 73
2602 16
2603 230
2604 140
2605 60
2606 11
2607 95
2608 165
2609 10
2610 59
2611 76
2612 9
2613 3
2614 108
2615 51
2616 108
2617 7
2618 10
2619 26
2620 30
2621 14
2622 193
2623 55
2624 152
2625 22
2626 1
2627 18
2628 17
2629 28
2630 101
2631 22
2632 15
2633 79
2634 23
2635 13
2636 65
2637 39
2638 54
2639 69
2640 2
2641 12
2642 17
2643 60
2644 99
2645 38
2646 62
2647 57
2648 15
2649 31
2650 37
2651 12
2652 94
2653 29
2654 24
2655 32
2656 17
2657 34
2658 96
2659 29
2660 15
2661 9
2662 23
2663 32
2664 64
2665 203
2666 51
2667 110
2668 86
2669 94
2670 121
2671 67
2672 19
2673 7
2674 23
2675 182
2676 40
2677 13
2678 9
2679 73
2680 112
2681 18
2682 25
2683 34
2684 8
2685 17
2686 31
2687 259
2688 88
2689 5
2690 25
2691 149
2692 20
2693 81
2694 20
2695 275
2696 8
2697 29
2698 167
2699 106
2700 20
2701 1
2702 34
2703 95
2704 54
2705 66
2706 92
2707 7
2708 75
2709 5
2710 2
2711 76
2712 25
2713 26
2714 62
2715 13
2716 18
2717 13
2718 32
2719 16
2720 70
2721 49
2722 54
2723 103
2724 19
2725 98
2726 17
2727 18
2728 79
2729 4
2730 48
2731 116
2732 133
2733 50
2734 14
2735 6
2736 21
2737 46
2738 249
2739 89
2740 10
2741 3
2742 7
2743 8
2744 31
2745 119
2746 45
2747 23
2748 27
2749 27
2750 103
2751 5
2752 7
2753 59
2754 1
2755 139
2756 82
2757 10
2758 52
2759 4
2760 100
2761 296
2762 200
2763 27
2764 5
2765 96
2766 18
2767 41
2768 29
2769 24
2770 8
2771 101
2772 46
2773 132
2774 97
2775 33
2776 3
2777 69
2778 46
2779 57
2780 124
2781 14
2782 7
2783 23
2784 67
2785 52
2786 47
2787 16
2788 21
2789 44
2790 3
2791 37
2792 102
2793 21
2794 145
2795 8
2796 4
2797 140
2798 132
2799 8
2800 10
2801 6
2802 13
2803 37
2804 26
2805 55
2806 92
2807 19
2808 19
2809 48
2810 19
2811 62
2812 17
2813 2
2814 5
2815 19
2816 27
2817 57
2818 35
2819 99
2820 71
2821 15
2822 33
2823 145
2824 193
2825 26
2826 65
2827 67
2828 124
2829 117
2830 60
2831 252
2832 45
2833 20
2834 28
2835 62
2836 174
2837 148
2838 4
2839 38
2840 23
2841 144
2842 24
2843 9
2844 23
2845 76
2846 73
2847 6
2848 37
2849 33
2850 9
2851 2
2852 59
2853 7
2854 123
2855 183
2856 111
2857 54
2858 46
2859 107
2860 14
2861 193
2862 27
2863 49
2864 40
2865 145
2866 34
2867 18
2868 87
2869 17
2870 100
2871 54
2872 47
2873 238
2874 145
2875 11
2876 40
2877 25
2878 29
2879 31
2880 77
2881 57
2882 27
2883 86
2884 50
2885 5
2886 103
2887 4
2888 46
2889 45
2890 4
2891 38
2892 74
2893 11
2894 14
2895 12
2896 46
2897 29
2898 180
2899 75
2900 0
2901 4
2902 85
2903 52
2904 1
2905 26
2906 11
2907 62
2908 17
2909 141
2910 38
2911 7
2912 33
2913 160
2914 20
2915 6
2916 66
2917 17
2918 74
2919 19
2920 30
2921 48
2922 102
2923 18
2924 11
2925 13
2926 59
2927 11
2928 16
2929 57
2930 139
2931 63
2932 77
2933 194
2934 15
2935 50
2936 79
2937 87
2938 73
2939 46
2940 13
2941 12
2942 40
2943 103
2944 81
2945 27
2946 77
2947 173
2948 24
2949 8
2950 49
2951 43
2952 118
2953 21
2954 94
2955 22
2956 16
2957 38
2958 101
2959 50
2960 6
2961 45
2962 104
2963 30
2964 75
2965 2
2966 178
2967 81
2968 14
2969 12
2970 13
2971 134
2972 8
2973 234
2974 47
2975 24
2976 17
2977 65
2978 19
2979 95
2980 56
2981 79
2982 30
2983 95
2984 33
2985 95
2986 79
2987 151
2988 167
2989 80
2990 20
2991 94
2992 18
2993 5
2994 8
2995 11
2996 66
2997 12
2998 91
2999 166
3000 90
3001 16
3002 39
3003 90
3004 2
3005 28
3006 77
3007 21
3008 72
3009 38
3010 204
3011 200
3012 158
3013 85
3014 89
3015 96
3016 123
3017 15
3018 129
3019 9
3020 14
3021 157
3022 116
3023 57
3024 25
3025 91
3026 114
3027 81
3028 21
3029 201
3030 33
3031 23
3032 35
3033 8
3034 156
3035 127
3036 53
3037 70
3038 14
3039 9
3040 151
3041 2
3042 37
3043 5
3044 52
3045 100
3046 96
3047 178
3048 13
3049 36
3050 46
3051 12
3052 21
3053 46
3054 83
3055 31
3056 7
3057 74
3058 167
3059 70
3060 39
3061 68
3062 17
3063 29
3064 30
3065 156
3066 153
3067 67
3068 9
3069 65
3070 14
3071 16
3072 115
3073 47
3074 33
3075 14
3076 18
3077 32
3078 86
3079 26
3080 73
3081 53
3082 12
3083 71
3084 15
3085 38
3086 50
3087 107
3088 12
3089 47
3090 119
3091 129
3092 1
3093 80
3094 61
3095 78
3096 37
3097 56
3098 51
3099 8
3100 16
3101 18
3102 160
3103 86
3104 17
3105 180
3106 22
3107 100
3108 3
3109 89
3110 7
3111 9
3112 59
3113 200
3114 120
3115 91
3116 17
3117 13
3118 33
3119 38
3120 40
3121 22
3122 74
3123 120
3124 84
3125 103
3126 98
3127 17
3128 129
3129 20
3130 66
3131 34
3132 20
3133 4
3134 42
3135 174
3136 245
3137 206
3138 10
3139 17
3140 133
3141 78
3142 21
3143 110
3144 62
3145 18
3146 145
3147 100
3148 75
3149 16
3150 29
3151 71
3152 2
3153 6
3154 43
3155 45
3156 39
3157 66
3158 24
3159 34
3160 7
3161 28
3162 41
3163 32
3164 55
3165 263
3166 19
3167 2
3168 24
3169 8
3170 103
3171 128
3172 23
3173 32
3174 21
3175 14
3176 118
3177 60
3178 182
3179 10
3180 46
3181 27
3182 81
3183 62
3184 151
3185 1
3186 18
3187 15
3188 104
3189 3
3190 20
3191 168
3192 189
3193 119
3194 50
3195 19
3196 5
3197 234
3198 58
3199 7
3200 7
3201 70
3202 55
3203 23
3204 54
3205 231
3206 69
3207 118
3208 101
3209 2
3210 59
3211 12
3212 5
3213 5
3214 310
3215 3
3216 168
3217 80
3218 20
3219 67
3220 21
3221 90
3222 18
3223 16
3224 77
3225 107
3226 91
3227 43
3228 28
3229 8
3230 37
3231 11
3232 6
3233 6
3234 54
3235 74
3236 83
3237 42
3238 95
3239 86
3240 2
3241 48
3242 13
3243 66
3244 43
3245 61
3246 1
3247 160
3248 20
3249 1
3250 48
3251 32
3252 37
3253 100
3254 35
3255 51
3256 9
3257 39
3258 24
3259 103
3260 31
3261 55
3262 25
3263 111
3264 22
3265 155
3266 43
3267 86
3268 94
3269 10
3270 28
3271 104
3272 1
3273 95
3274 55
3275 94
3276 18
3277 11
3278 27
3279 22
3280 209
3281 11
3282 28
3283 21
3284 55
3285 15
3286 119
3287 17
3288 10
3289 25
3290 86
3291 3
3292 27
3293 111
3294 28
3295 81
3296 4
3297 35
3298 61
3299 12
3300 87
3301 2
3302 54
3303 65
3304 39
3305 6
3306 11
3307 34
3308 70
3309 70
3310 24
3311 167
3312 74
3313 44
3314 53
3315 2
3316 7
3317 136
3318 100
3319 46
3320 12
3321 39
3322 29
3323 4
3324 40
3325 51
3326 41
3327 8
3328 9
3329 58
3330 6
3331 37
3332 12
3333 40
3334 83
3335 64
3336 18
3337 15
3338 209
3339 92
3340 95
3341 48
3342 57
3343 13
3344 101
3345 33
3346 55
3347 51
3348 168
3349 15
3350 29
3351 1
3352 20
3353 76
3354 63
3355 49
3356 6
3357 43
3358 11
3359 296
3360 148
3361 6
3362 12
3363 12
3364 4
3365 6
3366 46
3367 42
3368 13
3369 250
3370 5
3371 111
3372 5
3373 101
3374 71
3375 45
3376 33
3377 28
3378 1
3379 12
3380 165
3381 66
3382 65
3383 126
3384 41
3385 71
3386 177
3387 70
3388 16
3389 10
3390 136
3391 62
3392 105
3393 43
3394 69
3395 120
3396 167
3397 9
3398 188
3399 11
3400 73
3401 9
3402 64
3403 35
3404 330
3405 32
3406 44
3407 26
3408 55
3409 14
3410 34
3411 10
3412 21
3413 107
3414 24
3415 2
3416 117
3417 40
3418 107
3419 33
3420 7
3421 112
3422 120
3423 180
3424 26
3425 48
3426 44
3427 57
3428 82
3429 7
3430 164
3431 3
3432 50
3433 48
3434 8
3435 333
3436 13
3437 159
3438 67
3439 25
3440 48
3441 11
3442 18
3443 37
3444 112
3445 330
3446 41
3447 122
3448 14
3449 19
3450 95
3451 5
3452 141
3453 18
3454 64
3455 23
3456 39
3457 51
3458 25
3459 87
3460 236
3461 94
3462 160
3463 119
3464 132
3465 96
3466 12
3467 144
3468 6
3469 207
3470 114
3471 25
3472 233
3473 32
3474 52
3475 5
3476 31
3477 104
3478 82
3479 82
3480 8
3481 104
3482 147
3483 30
3484 188
3485 131
3486 77
3487 286
3488 21
3489 16
3490 135
3491 105
3492 196
3493 14
3494 296
3495 88
3496 30
3497 157
3498 16
3499 41
3500 24
3501 37
3502 33
3503 105
3504 58
3505 24
3506 72
3507 24
3508 5
3509 41
3510 38
3511 50
3512 47
3513 9
3514 13
3515 18
3516 14
3517 24
3518 36
3519 144
3520 13
3521 172
3522 24
3523 42
3524 3
3525 107
3526 27
3527 2
3528 172
3529 65
3530 37
3531 140
3532 41
3533 20
3534 43
3535 13
3536 58
3537 125
3538 60
3539 50
3540 89
3541 106
3542 91
3543 29
3544 33
3545 6
3546 24
3547 66
3548 14
3549 78
3550 8
3551 14
3552 100
3553 93
3554 190
3555 79
3556 96
3557 15
3558 3
3559 59
3560 53
3561 14
3562 58
3563 313
3564 59
3565 84
3566 128
3567 10
3568 7
3569 6
3570 39
3571 4
3572 92
3573 41
3574 88
3575 69
3576 20
3577 171
3578 256
3579 48
3580 123
3581 92
3582 96
3583 70
3584 82
3585 94
3586 2
3587 199
3588 11
3589 108
3590 19
3591 114
3592 35
3593 65
3594 33
3595 149
3596 72
3597 130
3598 10
3599 32
3600 17
3601 49
3602 186
3603 60
3604 71
3605 95
3606 79
3607 92
3608 204
3609 345
3610 155
3611 40
3612 60
3613 2
3614 22
3615 75
3616 138
3617 61
3618 83
3619 9
3620 48
3621 29
3622 32
3623 34
3624 44
3625 92
3626 28
3627 10
3628 57
3629 10
3630 103
3631 289
3632 25
3633 41
3634 86
3635 204
3636 16
3637 185
3638 19
3639 3
3640 69
3641 19
3642 77
3643 41
3644 170
3645 18
3646 40
3647 212
3648 77
3649 54
3650 13
3651 31
3652 120
3653 18
3654 25
3655 345
3656 11
3657 11
3658 29
3659 67
3660 8
3661 50
3662 65
3663 105
3664 86
3665 4
3666 93
3667 5
3668 25
3669 29
3670 19
3671 439
3672 3
3673 84
3674 27
3675 114
3676 13
3677 6
3678 5
3679 227
3680 9
3681 58
3682 185
3683 43
3684 84
3685 7
3686 12
3687 7
3688 23
3689 287
3690 51
3691 38
3692 161
3693 2
3694 31
3695 15
3696 32
3697 6
3698 48
3699 90
3700 62
3701 40
3702 38
3703 16
3704 75
3705 58
3706 85
3707 2
3708 20
3709 122
3710 116
3711 74
3712 38
3713 20
3714 103
3715 102
3716 59
3717 28
3718 2
3719 1
3720 5
3721 54
3722 8
3723 58
3724 25
3725 24
3726 144
3727 28
3728 6
3729 45
3730 6
3731 10
3732 10
3733 5
3734 58
3735 59
3736 22
3737 90
3738 88
3739 3
3740 112
3741 230
3742 18
3743 30
3744 195
3745 30
3746 49
3747 64
3748 107
3749 128
3750 37
3751 60
3752 278
3753 37
3754 41
3755 12
3756 115
3757 110
3758 99
3759 3
3760 52
3761 8
3762 104
3763 17
3764 40
3765 10
3766 73
3767 64
3768 124
3769 96
3770 14
3771 21
3772 36
3773 7
3774 235
3775 148
3776 66
3777 35
3778 58
3779 21
3780 3
3781 22
3782 12
3783 72
3784 19
3785 9
3786 103
3787 56
3788 99
3789 25
3790 19
3791 106
3792 233
3793 54
3794 43
3795 169
3796 120
3797 10
3798 220
3799 25
3800 17
3801 12
3802 58
3803 149
3804 100
3805 18
3806 56
3807 107
3808 8
3809 66
3810 125
3811 6
3812 77
3813 29
3814 39
3815 156
3816 20
3817 19
3818 178
3819 74
3820 104
3821 33
3822 6
3823 38
3824 11
3825 67
3826 26
3827 28
3828 131
3829 65
3830 103
3831 13
3832 195
3833 124
3834 36
3835 207
3836 78
3837 2
3838 5
3839 95
3840 27
3841 74
3842 40
3843 5
3844 20
3845 69
3846 8
3847 66
3848 126
3849 43
3850 22
3851 42
3852 21
3853 19
3854 5
3855 88
3856 49
3857 21
3858 32
3859 41
3860 23
3861 19
3862 37
3863 81
3864 33
3865 55
3866 59
3867 43
3868 78
3869 93
3870 44
3871 1
3872 41
3873 55
3874 35
3875 46
3876 60
3877 6
3878 9
3879 44
3880 105
3881 20
3882 54
3883 12
3884 35
3885 17
3886 66
3887 13
3888 31
3889 6
3890 8
3891 30
3892 10
3893 3
3894 31
3895 39
3896 130
3897 55
3898 57
3899 3
3900 80
3901 26
3902 67
3903 84
3904 106
3905 19
3906 58
3907 1
3908 33
3909 48
3910 19
3911 13
3912 119
3913 39
3914 69
3915 23
3916 49
3917 51
3918 196
3919 26
3920 34
3921 2
3922 154
3923 38
3924 32
3925 39
3926 6
3927 28
3928 15
3929 105
3930 30
3931 42
3932 141
3933 16
3934 40
3935 44
3936 8
3937 149
3938 111
3939 43
3940 28
3941 13
3942 53
3943 74
3944 55
3945 26
3946 57
3947 11
3948 25
3949 154
3950 19
3951 14
3952 11
3953 117
3954 150
3955 74
3956 234
3957 4
3958 14
3959 105
3960 53
3961 17
3962 98
3963 37
3964 22
3965 53
3966 4
3967 38
3968 22
3969 3
3970 4
3971 27
3972 21
3973 44
3974 29
3975 36
3976 188
3977 16
3978 79
3979 61
3980 79
3981 68
3982 7
3983 55
3984 41
3985 41
3986 93
3987 7
3988 67
3989 85
3990 4
3991 8
3992 18
3993 59
3994 20
3995 51
3996 49
3997 16
3998 1
3999 178
4000 11
4001 23
4002 52
4003 135
4004 73
4005 46
4006 94
4007 34
4008 58
4009 8
4010 88
4011 85
4012 29
4013 50
4014 137
4015 9
4016 39
4017 49
4018 100
4019 193
4020 4
4021 26
4022 13
4023 21
4024 18
4025 7
4026 46
4027 4
4028 10
4029 11
4030 92
4031 98
4032 8
4033 21
4034 101
4035 73
4036 35
4037 41
4038 71
4039 91
4040 23
4041 15
4042 4
4043 3
4044 21
4045 64
4046 5
4047 16
4048 26
4049 1
4050 4
4051 42
4052 18
4053 34
4054 79
4055 103
4056 5
4057 48
4058 145
4059 55
4060 84
4061 87
4062 89
4063 12
4064 66
4065 46
4066 9
4067 131
4068 45
4069 26
4070 10
4071 39
4072 46
4073 44
4074 15
4075 92
4076 55
4077 16
4078 2
4079 11
4080 17
4081 45
4082 58
4083 7
4084 15
4085 32
4086 76
4087 9
4088 78
4089 91
4090 110
4091 17
4092 10
4093 2
4094 90
4095 117
4096 119
4097 2
4098 20
4099 76
4100 37
4101 24
4102 8
4103 22
4104 58
4105 27
4106 119
4107 5
4108 50
4109 63
4110 53
4111 162
4112 38
4113 10
4114 54
4115 10
4116 95
4117 138
4118 10
4119 118
4120 5
4121 5
4122 101
4123 49
4124 28
4125 18
4126 6
4127 142
4128 6
4129 16
4130 48
4131 115
4132 31
4133 27
4134 44
4135 3
4136 167
4137 21
4138 36
4139 153
4140 87
4141 10
4142 61
4143 5
4144 158
4145 6
4146 125
4147 4
4148 48
4149 38
4150 185
4151 2
4152 25
4153 18
4154 61
4155 7
4156 9
4157 41
4158 1
4159 178
4160 162
4161 75
4162 47
4163 57
4164 15
4165 1
4166 12
4167 15
4168 32
4169 23
4170 140
4171 24
4172 69
4173 7
4174 7
4175 29
4176 1
4177 102
4178 34
4179 67
4180 58
4181 25
4182 5
4183 75
4184 10
4185 102
4186 77
4187 54
4188 40
4189 16
4190 32
4191 14
4192 62
4193 18
4194 3
4195 18
4196 34
4197 12
4198 26
4199 73
4200 86
4201 14
4202 35
4203 7
4204 32
4205 19
4206 13
4207 90
4208 58
4209 61
4210 57
4211 69
4212 47
4213 46
4214 99
4215 74
4216 55
4217 32
4218 85
4219 141
4220 24
4221 124
4222 6
4223 5
4224 40
4225 6
4226 57
4227 38
4228 37
4229 111
4230 32
4231 6
4232 11
4233 9
4234 2
4235 15
4236 19
4237 210
4238 6
4239 50
4240 108
4241 23
4242 51
4243 10
4244 9
4245 9
4246 4
4247 8
4248 2
4249 20
4250 7
4251 41
4252 5
4253 89
4254 2
4255 115
4256 14
4257 4
4258 22
4259 56
4260 61
4261 52
4262 52
4263 17
4264 52
4265 96
4266 40
4267 14
4268 184
4269 181
4270 13
4271 70
4272 2
4273 41
4274 26
4275 7
4276 2
4277 1
4278 21
4279 2
4280 17
4281 12
4282 57
4283 30
4284 12
4285 10
4286 2
4287 85
4288 17
4289 23
4290 24
4291 75
4292 90
4293 2
4294 23
4295 10
4296 45
4297 82
4298 41
4299 4
4300 14
4301 21
4302 20
4303 86
4304 51
4305 47
4306 27
4307 55
4308 75
4309 21
4310 6
4311 27
4312 41
4313 174
4314 160
4315 26
4316 30
4317 32
4318 5
4319 64
4320 49
4321 98
4322 3
4323 123
4324 68
4325 56
4326 72
4327 43
4328 46
4329 21
4330 41
4331 57
4332 99
4333 27
4334 42
4335 36
4336 28
4337 69
4338 72
4339 16
4340 6
4341 6
4342 186
4343 6
4344 47
4345 7
4346 5
4347 14
4348 1
4349 12
4350 14
4351 11
4352 25
4353 10
4354 6
4355 13
4356 16
4357 20
4358 48
4359 60
4360 92
4361 27
4362 45
4363 3
4364 19
4365 25
4366 39
4367 78
4368 101
4369 30
4370 27
4371 42
4372 56
4373 47
4374 29
4375 13
4376 7
4377 4
4378 6
4379 48
4380 3
4381 24
4382 16
4383 44
4384 144
4385 17
4386 2
4387 10
4388 28
4389 9
4390 2
4391 57
4392 20
4393 8
4394 13
4395 58
4396 18
4397 39
4398 1
4399 26
4400 36
4401 2
4402 3
4403 4
4404 31
4405 25
4406 52
4407 24
4408 71
4409 67
4410 40
4411 19
4412 42
4413 138
4414 22
4415 10
4416 2
4417 3
4418 30
4419 103
4420 68
4421 51
4422 40
4423 12
4424 39
4425 111
4426 215
4427 13
4428 12
4429 69
4430 11
4431 104
4432 13
4433 233
4434 74
4435 36
4436 5
4437 5
4438 20
4439 1
4440 83
4441 21
4442 66
4443 16
4444 3
4445 54
4446 32
4447 6
4448 38
4449 4
4450 12
4451 50
4452 22
4453 24
4454 12
4455 46
4456 49
4457 9
4458 99
4459 24
4460 23
4461 14
4462 12
4463 18
4464 4
4465 40
4466 33
4467 15
4468 11
4469 19
4470 29
4471 14
4472 68
4473 8
4474 43
4475 13
4476 166
4477 32
4478 7
4479 23
4480 20
4481 89
4482 2
4483 2
4484 12
4485 20
4486 5
4487 70
4488 46
4489 2
4490 74
4491 37
4492 128
4493 66
4494 54
4495 5
4496 8
4497 108
4498 36
4499 21
4500 16
4501 35
4502 3
4503 45
4504 27
4505 50
4506 20
4507 13
4508 124
4509 81
4510 155
4511 10
4512 60
4513 8
4514 10
4515 44
4516 40
4517 25
4518 1
4519 26
4520 11
4521 8
4522 22
4523 58
4524 36
4525 3
4526 38
4527 53
4528 79
4529 39
4530 4
4531 6
4532 23
4533 45
4534 1
4535 74
4536 43
4537 17
4538 44
4539 37
4540 4
4541 7
4542 60
4543 1
4544 65
4545 6
4546 17
4547 196
4548 25
4549 14
4550 4
4551 16
4552 45
4553 46
4554 164
4555 10
4556 18
4557 95
4558 16
4559 58
4560 6
4561 32
4562 5
4563 34
4564 52
4565 28
4566 170
4567 19
4568 3
4569 86
4570 28
4571 18
4572 11
4573 29
4574 37
4575 11
4576 31
4577 112
4578 32
4579 51
4580 66
4581 59
4582 70
4583 13
4584 125
4585 85
4586 52
4587 72
4588 127
4589 42
4590 37
4591 68
4592 51
4593 40
4594 36
4595 35
4596 15
4597 25
4598 158
4599 5
4600 26
4601 62
4602 31
4603 40
4604 10
4605 89
4606 8
4607 7
4608 62
4609 17
4610 55
4611 48
4612 8
4613 28
4614 2
4615 47
4616 18
4617 69
4618 35
4619 23
4620 27
4621 23
4622 41
4623 14
4624 1
4625 42
4626 49
4627 20
4628 24
4629 129
4630 2
4631 24
4632 7
4633 106
4634 7
4635 24
4636 2
4637 12
4638 56
4639 50
4640 3
4641 21
4642 51
4643 2
4644 74
4645 25
4646 20
4647 4
4648 44
4649 39
4650 95
4651 28
4652 33
4653 43
4654 57
4655 12
4656 63
4657 26
4658 33
4659 89
4660 17
4661 18
4662 30
4663 20
4664 40
4665 97
4666 57
4667 53
4668 71
4669 27
4670 108
4671 71
4672 75
4673 32
4674 154
4675 11
4676 202
4677 8
4678 4
4679 39
4680 10
4681 57
4682 1
4683 63
4684 25
4685 2
4686 3
4687 10
4688 154
4689 65
4690 4
4691 19
4692 72
4693 10
4694 12
4695 80
4696 139
4697 30
4698 32
4699 13
4700 35
4701 31
4702 117
4703 37
4704 152
4705 2
4706 26
4707 77
4708 66
4709 68
4710 5
4711 12
4712 34
4713 17
4714 13
4715 2
4716 28
4717 22
4718 35
4719 11
4720 19
4721 56
4722 37
4723 141
4724 39
4725 50
4726 10
4727 35
4728 20
4729 24
4730 78
4731 34
4732 3
4733 121
4734 159
4735 18
4736 48
4737 103
4738 15
4739 3
4740 107
4741 7
4742 6
4743 11
4744 96
4745 11
4746 14
4747 2
4748 11
4749 50
4750 33
4751 13
4752 40
4753 87
4754 36
4755 36
4756 70
4757 91
4758 22
4759 83
4760 27
4761 17
4762 19
4763 3
4764 61
4765 32
4766 16
4767 81
4768 8
4769 9
4770 50
4771 18
4772 28
4773 32
4774 7
4775 111
4776 8
4777 81
4778 3
4779 51
4780 58
4781 14
4782 22
4783 57
4784 28
4785 70
4786 25
4787 72
4788 3
4789 18
4790 76
4791 23
4792 86
4793 19
4794 78
4795 6
4796 68
4797 21
4798 30
4799 65
4800 2
4801 23
4802 32
4803 144
4804 17
4805 22
4806 56
4807 15
4808 107
4809 118
4810 11
4811 82
4812 33
4813 81
4814 91
4815 7
4816 55
4817 7
4818 48
4819 21
4820 31
4821 45
4822 7
4823 98
4824 45
4825 34
4826 31
4827 6
4828 11
4829 65
4830 7
4831 50
4832 35
4833 10
4834 12
4835 24
4836 170
4837 68
4838 69
4839 14
4840 121
4841 5
4842 20
4843 4
4844 51
4845 34
4846 103
4847 21
4848 21
4849 27
4850 35
4851 113
4852 75
4853 42
4854 38
4855 19
4856 44
4857 49
4858 32
4859 64
4860 97
4861 69
4862 124
4863 84
4864 42
4865 34
4866 59
4867 11
4868 152
4869 7
4870 33
4871 54
4872 71
4873 100
4874 14
4875 3
4876 5
4877 47
4878 52
4879 3
4880 5
4881 11
4882 5
4883 7
4884 55
4885 5
4886 7
4887 27
4888 139
4889 48
4890 16
4891 80
4892 109
4893 20
4894 23
4895 4
4896 39
4897 54
4898 107
4899 112
4900 104
4901 61
4902 38
4903 111
4904 10
4905 13
4906 72
4907 128
4908 61
4909 178
4910 24
4911 47
4912 92
4913 29
4914 55
4915 23
4916 13
4917 12
4918 64
4919 25
4920 51
4921 79
4922 15
4923 26
4924 31
4925 10
4926 74
4927 69
4928 30
4929 34
4930 31
4931 12
4932 29
4933 89
4934 45
4935 169
4936 83
4937 26
4938 3
4939 35
4940 46
4941 7
4942 12
4943 5
4944 134
4945 13
4946 336
4947 17
4948 87
4949 25
4950 5
4951 6
4952 98
4953 64
4954 90
4955 13
4956 33
4957 67
4958 30
4959 1
4960 7
4961 28
4962 0
4963 11
4964 24
4965 49
4966 69
4967 6
4968 45
4969 6
4970 25
4971 3
4972 21
4973 12
4974 5
4975 6
4976 38
4977 91
4978 6
4979 1
4980 40
4981 11
4982 19
4983 40
4984 41
4985 73
4986 24
4987 51
4988 46
4989 75
4990 41
4991 19
4992 96
4993 105
4994 22
4995 33
4996 26
4997 16
4998 92
4999 35
5000 113
5001 25
5002 34
5003 48
5004 7
5005 39
5006 5
5007 55
5008 113
5009 71
5010 20
5011 13
5012 20
5013 162
5014 118
5015 32
5016 62
5017 34
5018 34
5019 1
5020 48
5021 22
5022 43
5023 37
5024 12
5025 39
5026 104
5027 93
5028 5
5029 48
5030 102
5031 11
5032 99
5033 57
5034 73
5035 4
5036 114
5037 141
5038 43
5039 11
5040 32
5041 36
5042 215
5043 11
5044 17
5045 10
5046 34
5047 26
5048 67
5049 39
5050 17
5051 20
5052 43
5053 60
5054 17
5055 5
5056 27
5057 108
5058 45
5059 117
5060 239
5061 33
5062 68
5063 149
5064 53
5065 31
5066 261
5067 6
5068 31
5069 65
5070 7
5071 63
5072 53
5073 65
5074 23
5075 67
5076 6
5077 45
5078 12
5079 14
5080 22
5081 64
5082 29
5083 46
5084 1
5085 76
5086 28
5087 52
5088 50
5089 23
5090 24
5091 42
5092 55
5093 111
5094 143
5095 181
5096 50
5097 42
5098 101
5099 40
5100 15
5101 93
5102 59
5103 9
5104 131
5105 17
5106 95
5107 10
5108 28
5109 21
5110 3
5111 5
5112 5
5113 3
5114 11
5115 89
5116 27
5117 24
5118 31
5119 41
5120 54
5121 83
5122 103
5123 81
5124 122
5125 69
5126 11
5127 10
5128 26
5129 166
5130 24
5131 28
5132 43
5133 62
5134 23
5135 45
5136 33
5137 1
5138 77
5139 55
5140 68
5141 47
5142 60
5143 74
5144 13
5145 13
5146 3
5147 18
5148 110
5149 41
5150 19
5151 4
5152 34
5153 27
5154 15
5155 43
5156 9
5157 157
5158 153
5159 346
5160 76
5161 12
5162 67
5163 23
5164 227
5165 33
5166 40
5167 43
5168 12
5169 92
5170 15
5171 34
5172 4
5173 3
5174 45
5175 4
5176 66
5177 51
5178 63
5179 60
5180 51
5181 55
5182 46
5183 19
5184 120
5185 175
5186 3
5187 116
5188 25
5189 5
5190 243
5191 14
5192 33
5193 17
5194 9
5195 6
5196 18
5197 109
5198 81
5199 22
5200 28
5201 119
5202 15
5203 163
5204 20
5205 20
5206 114
5207 36
5208 2
5209 59
5210 19
5211 161
5212 59
5213 40
5214 13
5215 60
5216 15
5217 9
5218 59
5219 20
5220 16
5221 50
5222 9
5223 25
5224 49
5225 37
5226 8
5227 172
5228 47
5229 256
5230 44
5231 44
5232 108
5233 40
5234 65
5235 62
5236 56
5237 312
5238 17
5239 16
5240 12
5241 40
5242 18
5243 4
5244 11
5245 27
5246 24
5247 37
5248 24
5249 168
5250 6
5251 81
5252 41
5253 78
5254 23
5255 38
5256 53
5257 267
5258 23
5259 66
5260 55
5261 4
5262 15
5263 11
5264 3
5265 23
5266 3
5267 3
5268 62
5269 123
5270 43
5271 35
5272 42
5273 24
5274 33
5275 19
5276 38
5277 75
5278 29
5279 189
5280 43
5281 120
5282 7
5283 3
5284 16
5285 26
5286 12
5287 94
5288 26
5289 33
5290 41
5291 23
5292 29
5293 23
5294 54
5295 15
5296 15
5297 50
5298 20
5299 16
5300 65
5301 10
5302 54
5303 2
5304 65
5305 4
5306 212
5307 4
5308 87
5309 101
5310 100
5311 31
5312 46
5313 10
5314 113
5315 9
5316 34
5317 2
5318 3
5319 15
5320 15
5321 9
5322 23
5323 39
5324 29
5325 16
5326 4
5327 24
5328 58
5329 12
5330 21
5331 10
5332 15
5333 16
5334 11
5335 11
5336 44
5337 18
5338 11
